common_0.1: 76.91869638693404%
random_0.1: 19.011631594014577%
vowels_0.1: 27.589755481693334%
common_word_0.1: 78.47%
common_0.1: 78.18%
common_word_0.1: 79.98%
random_0.1: 19.29%
vowels_0.1: 27.92%
common_0.1: 78.18% 17.031055875227942
common_word_0.1: 79.98% 16.403615457018184
random_0.1: 19.29% 19.028879010608335
vowels_0.1: 27.92% 18.612779102175573
learning_play_0.1: 98.81% 10.496039389561151
common_0.1: 77.25% 17.011059371362048
common_word_4_0.1: 73.27% 16.70945945945946
